
topologies: 
  mesh: 
    type: "unstructured"
    coordset: "coords"
    elements: 
      connectivity: [0, 1, 11, 10, 1, 2, 12, 11, 2, 3, 13, 12, 3, 4, 14, 13, 4, 5, 15, 14, 5, 6, 16, 15, 6, 7, 17, 16, 7, 8, 18, 17, 8, 9, 19, 18, 10, 11, 21, 20, 11, 12, 22, 21, 12, 13, 23, 22, 13, 14, 24, 23, 14, 15, 25, 24, 15, 16, 26, 25, 16, 17, 27, 26, 17, 18, 28, 27, 18, 19, 29, 28, 20, 21, 31, 30, 21, 22, 32, 31, 22, 23, 33, 32, 23, 24, 34, 33, 24, 25, 35, 34, 25, 26, 36, 35, 26, 27, 37, 36, 27, 28, 38, 37, 28, 29, 39, 38, 30, 31, 41, 40, 31, 32, 42, 41, 32, 33, 43, 42, 33, 34, 44, 43, 34, 35, 45, 44, 35, 36, 46, 45, 36, 37, 47, 46, 37, 38, 48, 47, 38, 39, 49, 48, 40, 41, 51, 50, 41, 42, 52, 51, 42, 43, 53, 52, 43, 44, 54, 53, 44, 45, 55, 54, 45, 46, 56, 55, 46, 47, 57, 56, 47, 48, 58, 57, 48, 49, 59, 58, 50, 51, 61, 60, 51, 52, 62, 61, 52, 53, 63, 62, 53, 54, 64, 63, 54, 55, 65, 64, 55, 56, 66, 65, 56, 57, 67, 66, 57, 58, 68, 67, 58, 59, 69, 68, 60, 61, 71, 70, 61, 62, 72, 71, 62, 63, 73, 72, 63, 64, 74, 73, 64, 65, 75, 74, 65, 66, 76, 75, 66, 67, 77, 76, 67, 68, 78, 77, 68, 69, 79, 78, 70, 71, 81, 80, 71, 72, 82, 81, 72, 73, 83, 82, 73, 74, 84, 83, 74, 75, 85, 84, 75, 76, 86, 85, 76, 77, 87, 86, 77, 78, 88, 87, 78, 79, 89, 88, 80, 81, 91, 90, 81, 82, 92, 91, 82, 83, 93, 92, 83, 84, 94, 93, 84, 85, 95, 94, 85, 86, 96, 95, 86, 87, 97, 96, 87, 88, 98, 97, 88, 89, 99, 98]
      sizes: [4, 4, 4, 4, 4, 4, 4, 4, 4, 4, 4, 4, 4, 4, 4, 4, 4, 4, 4, 4, 4, 4, 4, 4, 4, 4, 4, 4, 4, 4, 4, 4, 4, 4, 4, 4, 4, 4, 4, 4, 4, 4, 4, 4, 4, 4, 4, 4, 4, 4, 4, 4, 4, 4, 4, 4, 4, 4, 4, 4, 4, 4, 4, 4, 4, 4, 4, 4, 4, 4, 4, 4, 4, 4, 4, 4, 4, 4, 4, 4, 4]
      offsets: [0, 4, 8, 12, 16, 20, 24, 28, 32, 36, 40, 44, 48, 52, 56, 60, 64, 68, 72, 76, 80, 84, 88, 92, 96, 100, 104, 108, 112, 116, 120, 124, 128, 132, 136, 140, 144, 148, 152, 156, 160, 164, 168, 172, 176, 180, 184, 188, 192, 196, 200, 204, 208, 212, 216, 220, 224, 228, 232, 236, 240, 244, 248, 252, 256, 260, 264, 268, 272, 276, 280, 284, 288, 292, 296, 300, 304, 308, 312, 316, 320]
      shape: "quad"
coordsets: 
  coords: 
    type: "explicit"
    values: 
      x: [-10.0, -7.77777777777778, -5.55555555555556, -3.33333333333333, -1.11111111111111, 1.11111111111111, 3.33333333333333, 5.55555555555556, 7.77777777777778, 10.0, -10.0, -7.77777777777778, -5.55555555555556, -3.33333333333333, -1.11111111111111, 1.11111111111111, 3.33333333333333, 5.55555555555556, 7.77777777777778, 10.0, -10.0, -7.77777777777778, -5.55555555555556, -3.33333333333333, -1.11111111111111, 1.11111111111111, 3.33333333333333, 5.55555555555556, 7.77777777777778, 10.0, -10.0, -7.77777777777778, -5.55555555555556, -3.33333333333333, -1.11111111111111, 1.11111111111111, 3.33333333333333, 5.55555555555556, 7.77777777777778, 10.0, -10.0, -7.77777777777778, -5.55555555555556, -3.33333333333333, -1.11111111111111, 1.11111111111111, 3.33333333333333, 5.55555555555556, 7.77777777777778, 10.0, -10.0, -7.77777777777778, -5.55555555555556, -3.33333333333333, -1.11111111111111, 1.11111111111111, 3.33333333333333, 5.55555555555556, 7.77777777777778, 10.0, -10.0, -7.77777777777778, -5.55555555555556, -3.33333333333333, -1.11111111111111, 1.11111111111111, 3.33333333333333, 5.55555555555556, 7.77777777777778, 10.0, -10.0, -7.77777777777778, -5.55555555555556, -3.33333333333333, -1.11111111111111, 1.11111111111111, 3.33333333333333, 5.55555555555556, 7.77777777777778, 10.0, -10.0, -7.77777777777778, -5.55555555555556, -3.33333333333333, -1.11111111111111, 1.11111111111111, 3.33333333333333, 5.55555555555556, 7.77777777777778, 10.0, -10.0, -7.77777777777778, -5.55555555555556, -3.33333333333333, -1.11111111111111, 1.11111111111111, 3.33333333333333, 5.55555555555556, 7.77777777777778, 10.0]
      y: [-10.0, -10.0, -10.0, -10.0, -10.0, -10.0, -10.0, -10.0, -10.0, -10.0, -7.77777777777778, -7.77777777777778, -7.77777777777778, -7.77777777777778, -7.77777777777778, -7.77777777777778, -7.77777777777778, -7.77777777777778, -7.77777777777778, -7.77777777777778, -5.55555555555556, -5.55555555555556, -5.55555555555556, -5.55555555555556, -5.55555555555556, -5.55555555555556, -5.55555555555556, -5.55555555555556, -5.55555555555556, -5.55555555555556, -3.33333333333333, -3.33333333333333, -3.33333333333333, -3.33333333333333, -3.33333333333333, -3.33333333333333, -3.33333333333333, -3.33333333333333, -3.33333333333333, -3.33333333333333, -1.11111111111111, -1.11111111111111, -1.11111111111111, -1.11111111111111, -1.11111111111111, -1.11111111111111, -1.11111111111111, -1.11111111111111, -1.11111111111111, -1.11111111111111, 1.11111111111111, 1.11111111111111, 1.11111111111111, 1.11111111111111, 1.11111111111111, 1.11111111111111, 1.11111111111111, 1.11111111111111, 1.11111111111111, 1.11111111111111, 3.33333333333333, 3.33333333333333, 3.33333333333333, 3.33333333333333, 3.33333333333333, 3.33333333333333, 3.33333333333333, 3.33333333333333, 3.33333333333333, 3.33333333333333, 5.55555555555556, 5.55555555555556, 5.55555555555556, 5.55555555555556, 5.55555555555556, 5.55555555555556, 5.55555555555556, 5.55555555555556, 5.55555555555556, 5.55555555555556, 7.77777777777778, 7.77777777777778, 7.77777777777778, 7.77777777777778, 7.77777777777778, 7.77777777777778, 7.77777777777778, 7.77777777777778, 7.77777777777778, 7.77777777777778, 10.0, 10.0, 10.0, 10.0, 10.0, 10.0, 10.0, 10.0, 10.0, 10.0]
      z: [0.0, 0.0, 0.0, 0.0, 0.0, 0.0, 0.0, 0.0, 0.0, 0.0, 0.0, 0.0, 0.0, 0.0, 0.0, 0.0, 0.0, 0.0, 0.0, 0.0, 0.0, 0.0, 0.0, 0.0, 0.0, 0.0, 0.0, 0.0, 0.0, 0.0, 0.0, 0.0, 0.0, 0.0, 0.0, 0.0, 0.0, 0.0, 0.0, 0.0, 0.0, 0.0, 0.0, 0.0, 0.0, 0.0, 0.0, 0.0, 0.0, 0.0, 0.0, 0.0, 0.0, 0.0, 0.0, 0.0, 0.0, 0.0, 0.0, 0.0, 0.0, 0.0, 0.0, 0.0, 0.0, 0.0, 0.0, 0.0, 0.0, 0.0, 0.0, 0.0, 0.0, 0.0, 0.0, 0.0, 0.0, 0.0, 0.0, 0.0, 0.0, 0.0, 0.0, 0.0, 0.0, 0.0, 0.0, 0.0, 0.0, 0.0, 0.0, 0.0, 0.0, 0.0, 0.0, 0.0, 0.0, 0.0, 0.0, 0.0]
fields: 
  braid: 
    association: "vertex"
    topology: "mesh"
    values: [0.510399472705912, 4.01507277037306, 2.45810922698859, -3.51164403202371, -4.16183305200977, 1.26769342205643, 2.85479763184573, 0.174262572491392, 0.231470376296858, 0.591263247665757, -3.31091073936674, -0.252711215910994, 2.22708681263673, 1.0142317233239, 0.868564888743948, 1.87605139760631, -2.63705236004721, -8.06620457016918, -3.98531974433448, 4.22422269992021, -3.82092799615711, -4.10206069157817, -3.61105934244565, -3.97942454771098, -0.422361846987918, 5.96692592247791, 5.08707150816232, -1.530625015976, -2.49602842828374, 0.257456917522029, -0.129885826833657, -1.5530555698971, -3.46344936212298, -6.99375900633116, -6.42450160846977, -1.31899865140189, -1.4970872917295, -6.20448906787357, -4.16024601223574, 2.55572562433401, 4.15261665719752, 3.91364036610115, 2.85738428159153, -0.334821778065431, -0.0263659403552443, 4.52583374117702, 3.40917816140002, -2.96794625797009, -3.00275805752731, 1.81841518926816, 4.83665638536602, 4.59767982421751, 3.5414234435959, 0.349217075188868, 0.657672599903056, 5.20987193134653, 4.09321599059266, -2.28390873200197, -2.31872078502468, 2.50245221810332, 1.60216389025964, 0.178994011374751, -1.73139966218676, -5.26170888338345, -4.69245078195787, 0.413052962686197, 0.234965127017438, -4.47243581123263, -2.42819210631338, 4.28777970585811, -1.851313008943, -2.13244499297195, -1.641442744847, -2.00980723324704, 1.54725559717925, 7.93654253946525, 7.05668659844088, 0.438988572343848, -0.526415818443961, 2.22706937940641, -2.02533507280605, 1.03286515414035, 3.51266295412431, 2.29980667382706, 2.15413843065854, 3.1616242715982, -1.35147855799796, -6.78062844184896, -2.69974161843487, 5.50980072636684, 0.510400141977905, 4.01507285792429, 2.45810785712942, -3.51164582807663, -4.16183329047441, 1.26769515323696, 2.85479948694865, 0.174262260881464, 0.231467598418826, 0.591260523461728]
  radial: 
    association: "element"
    topology: "mesh"
    values: [141.857170386708, 127.17247935844, 114.934227030984, 105.993244601883, 101.22703976827, 101.22703976827, 105.993244601883, 114.934227030984, 127.17247935844, 127.17247935844, 110.554159678513, 96.2250448649376, 85.3460638652068, 79.3492047615872, 79.3492047615872, 85.3460638652068, 96.2250448649376, 110.554159678513, 114.934227030984, 96.2250448649376, 79.3492047615872, 65.734219812218, 57.7350269189626, 57.7350269189626, 65.734219812218, 79.3492047615872, 96.2250448649376, 105.993244601883, 85.3460638652068, 65.734219812218, 48.4322104837853, 36.8513865595044, 36.8513865595044, 48.4322104837853, 65.734219812218, 85.3460638652068, 101.22703976827, 79.3492047615872, 57.7350269189626, 36.8513865595044, 19.2450089729875, 19.2450089729875, 36.8513865595044, 57.7350269189626, 79.3492047615872, 101.22703976827, 79.3492047615872, 57.7350269189626, 36.8513865595044, 19.2450089729875, 19.2450089729875, 36.8513865595044, 57.7350269189626, 79.3492047615872, 105.993244601883, 85.3460638652068, 65.734219812218, 48.4322104837853, 36.8513865595044, 36.8513865595044, 48.4322104837853, 65.734219812218, 85.3460638652068, 114.934227030984, 96.2250448649376, 79.3492047615872, 65.734219812218, 57.7350269189626, 57.7350269189626, 65.734219812218, 79.3492047615872, 96.2250448649376, 127.17247935844, 110.554159678513, 96.2250448649376, 85.3460638652068, 79.3492047615872, 79.3492047615872, 85.3460638652068, 96.2250448649376, 110.554159678513]
  vel: 
    association: "vertex"
    topology: "mesh"
    values: 
      u: [-10.0, -7.77777777777778, -5.55555555555556, -3.33333333333333, -1.11111111111111, 1.11111111111111, 3.33333333333333, 5.55555555555556, 7.77777777777778, 10.0, -10.0, -7.77777777777778, -5.55555555555556, -3.33333333333333, -1.11111111111111, 1.11111111111111, 3.33333333333333, 5.55555555555556, 7.77777777777778, 10.0, -10.0, -7.77777777777778, -5.55555555555556, -3.33333333333333, -1.11111111111111, 1.11111111111111, 3.33333333333333, 5.55555555555556, 7.77777777777778, 10.0, -10.0, -7.77777777777778, -5.55555555555556, -3.33333333333333, -1.11111111111111, 1.11111111111111, 3.33333333333333, 5.55555555555556, 7.77777777777778, 10.0, -10.0, -7.77777777777778, -5.55555555555556, -3.33333333333333, -1.11111111111111, 1.11111111111111, 3.33333333333333, 5.55555555555556, 7.77777777777778, 10.0, -10.0, -7.77777777777778, -5.55555555555556, -3.33333333333333, -1.11111111111111, 1.11111111111111, 3.33333333333333, 5.55555555555556, 7.77777777777778, 10.0, -10.0, -7.77777777777778, -5.55555555555556, -3.33333333333333, -1.11111111111111, 1.11111111111111, 3.33333333333333, 5.55555555555556, 7.77777777777778, 10.0, -10.0, -7.77777777777778, -5.55555555555556, -3.33333333333333, -1.11111111111111, 1.11111111111111, 3.33333333333333, 5.55555555555556, 7.77777777777778, 10.0, -10.0, -7.77777777777778, -5.55555555555556, -3.33333333333333, -1.11111111111111, 1.11111111111111, 3.33333333333333, 5.55555555555556, 7.77777777777778, 10.0, -10.0, -7.77777777777778, -5.55555555555556, -3.33333333333333, -1.11111111111111, 1.11111111111111, 3.33333333333333, 5.55555555555556, 7.77777777777778, 10.0]
      v: [-10.0, -10.0, -10.0, -10.0, -10.0, -10.0, -10.0, -10.0, -10.0, -10.0, -7.77777777777778, -7.77777777777778, -7.77777777777778, -7.77777777777778, -7.77777777777778, -7.77777777777778, -7.77777777777778, -7.77777777777778, -7.77777777777778, -7.77777777777778, -5.55555555555556, -5.55555555555556, -5.55555555555556, -5.55555555555556, -5.55555555555556, -5.55555555555556, -5.55555555555556, -5.55555555555556, -5.55555555555556, -5.55555555555556, -3.33333333333333, -3.33333333333333, -3.33333333333333, -3.33333333333333, -3.33333333333333, -3.33333333333333, -3.33333333333333, -3.33333333333333, -3.33333333333333, -3.33333333333333, -1.11111111111111, -1.11111111111111, -1.11111111111111, -1.11111111111111, -1.11111111111111, -1.11111111111111, -1.11111111111111, -1.11111111111111, -1.11111111111111, -1.11111111111111, 1.11111111111111, 1.11111111111111, 1.11111111111111, 1.11111111111111, 1.11111111111111, 1.11111111111111, 1.11111111111111, 1.11111111111111, 1.11111111111111, 1.11111111111111, 3.33333333333333, 3.33333333333333, 3.33333333333333, 3.33333333333333, 3.33333333333333, 3.33333333333333, 3.33333333333333, 3.33333333333333, 3.33333333333333, 3.33333333333333, 5.55555555555556, 5.55555555555556, 5.55555555555556, 5.55555555555556, 5.55555555555556, 5.55555555555556, 5.55555555555556, 5.55555555555556, 5.55555555555556, 5.55555555555556, 7.77777777777778, 7.77777777777778, 7.77777777777778, 7.77777777777778, 7.77777777777778, 7.77777777777778, 7.77777777777778, 7.77777777777778, 7.77777777777778, 7.77777777777778, 10.0, 10.0, 10.0, 10.0, 10.0, 10.0, 10.0, 10.0, 10.0, 10.0]
      w: [0.0, 0.0, 0.0, 0.0, 0.0, 0.0, 0.0, 0.0, 0.0, 0.0, 0.0, 0.0, 0.0, 0.0, 0.0, 0.0, 0.0, 0.0, 0.0, 0.0, 0.0, 0.0, 0.0, 0.0, 0.0, 0.0, 0.0, 0.0, 0.0, 0.0, 0.0, 0.0, 0.0, 0.0, 0.0, 0.0, 0.0, 0.0, 0.0, 0.0, 0.0, 0.0, 0.0, 0.0, 0.0, 0.0, 0.0, 0.0, 0.0, 0.0, 0.0, 0.0, 0.0, 0.0, 0.0, 0.0, 0.0, 0.0, 0.0, 0.0, 0.0, 0.0, 0.0, 0.0, 0.0, 0.0, 0.0, 0.0, 0.0, 0.0, 0.0, 0.0, 0.0, 0.0, 0.0, 0.0, 0.0, 0.0, 0.0, 0.0, 0.0, 0.0, 0.0, 0.0, 0.0, 0.0, 0.0, 0.0, 0.0, 0.0, 0.0, 0.0, 0.0, 0.0, 0.0, 0.0, 0.0, 0.0, 0.0, 0.0]
  originalElements: 
    association: "element"
    topology: "mesh"
    values: [324, 325, 326, 327, 328, 329, 330, 331, 332, 333, 334, 335, 336, 337, 338, 339, 340, 341, 342, 343, 344, 345, 346, 347, 348, 349, 350, 351, 352, 353, 354, 355, 356, 357, 358, 359, 360, 361, 362, 363, 364, 365, 366, 367, 368, 369, 370, 371, 372, 373, 374, 375, 376, 377, 378, 379, 380, 381, 382, 383, 384, 385, 386, 387, 388, 389, 390, 391, 392, 393, 394, 395, 396, 397, 398, 399, 400, 401, 402, 403, 404]
