
topologies: 
  mesh: 
    type: "unstructured"
    coordset: "coords"
    elements: 
      connectivity: [10, 0, 1, 11, 11, 1, 2, 12, 12, 2, 3, 13, 13, 3, 4, 14, 14, 4, 5, 15, 15, 5, 6, 16, 16, 6, 7, 17, 17, 7, 8, 18, 18, 8, 9, 19, 20, 10, 11, 21, 21, 11, 12, 22, 22, 12, 13, 23, 23, 13, 14, 24, 24, 14, 15, 25, 25, 15, 16, 26, 26, 16, 17, 27, 27, 17, 18, 28, 28, 18, 19, 29, 30, 20, 21, 31, 31, 21, 22, 32, 32, 22, 23, 33, 33, 23, 24, 34, 34, 24, 25, 35, 35, 25, 26, 36, 36, 26, 27, 37, 37, 27, 28, 38, 38, 28, 29, 39, 40, 30, 31, 41, 41, 31, 32, 42, 42, 32, 33, 43, 43, 33, 34, 44, 44, 34, 35, 45, 45, 35, 36, 46, 46, 36, 37, 47, 47, 37, 38, 48, 48, 38, 39, 49, 50, 40, 41, 51, 51, 41, 42, 52, 52, 42, 43, 53, 53, 43, 44, 54, 54, 44, 45, 55, 55, 45, 46, 56, 56, 46, 47, 57, 57, 47, 48, 58, 58, 48, 49, 59, 60, 50, 51, 61, 61, 51, 52, 62, 62, 52, 53, 63, 63, 53, 54, 64, 64, 54, 55, 65, 65, 55, 56, 66, 66, 56, 57, 67, 67, 57, 58, 68, 68, 58, 59, 69, 70, 60, 61, 71, 71, 61, 62, 72, 72, 62, 63, 73, 73, 63, 64, 74, 74, 64, 65, 75, 75, 65, 66, 76, 76, 66, 67, 77, 77, 67, 68, 78, 78, 68, 69, 79, 80, 70, 71, 81, 81, 71, 72, 82, 82, 72, 73, 83, 83, 73, 74, 84, 84, 74, 75, 85, 85, 75, 76, 86, 86, 76, 77, 87, 87, 77, 78, 88, 88, 78, 79, 89, 90, 80, 81, 91, 91, 81, 82, 92, 92, 82, 83, 93, 93, 83, 84, 94, 94, 84, 85, 95, 95, 85, 86, 96, 96, 86, 87, 97, 97, 87, 88, 98, 98, 88, 89, 99]
      sizes: [4, 4, 4, 4, 4, 4, 4, 4, 4, 4, 4, 4, 4, 4, 4, 4, 4, 4, 4, 4, 4, 4, 4, 4, 4, 4, 4, 4, 4, 4, 4, 4, 4, 4, 4, 4, 4, 4, 4, 4, 4, 4, 4, 4, 4, 4, 4, 4, 4, 4, 4, 4, 4, 4, 4, 4, 4, 4, 4, 4, 4, 4, 4, 4, 4, 4, 4, 4, 4, 4, 4, 4, 4, 4, 4, 4, 4, 4, 4, 4, 4]
      offsets: [0, 4, 8, 12, 16, 20, 24, 28, 32, 36, 40, 44, 48, 52, 56, 60, 64, 68, 72, 76, 80, 84, 88, 92, 96, 100, 104, 108, 112, 116, 120, 124, 128, 132, 136, 140, 144, 148, 152, 156, 160, 164, 168, 172, 176, 180, 184, 188, 192, 196, 200, 204, 208, 212, 216, 220, 224, 228, 232, 236, 240, 244, 248, 252, 256, 260, 264, 268, 272, 276, 280, 284, 288, 292, 296, 300, 304, 308, 312, 316, 320]
      shape: "quad"
coordsets: 
  coords: 
    type: "explicit"
    values: 
      x: [0.0, 0.0, 0.0, 0.0, 0.0, 0.0, 0.0, 0.0, 0.0, 0.0, 0.0, 0.0, 0.0, 0.0, 0.0, 0.0, 0.0, 0.0, 0.0, 0.0, 0.0, 0.0, 0.0, 0.0, 0.0, 0.0, 0.0, 0.0, 0.0, 0.0, 0.0, 0.0, 0.0, 0.0, 0.0, 0.0, 0.0, 0.0, 0.0, 0.0, 0.0, 0.0, 0.0, 0.0, 0.0, 0.0, 0.0, 0.0, 0.0, 0.0, 0.0, 0.0, 0.0, 0.0, 0.0, 0.0, 0.0, 0.0, 0.0, 0.0, 0.0, 0.0, 0.0, 0.0, 0.0, 0.0, 0.0, 0.0, 0.0, 0.0, 0.0, 0.0, 0.0, 0.0, 0.0, 0.0, 0.0, 0.0, 0.0, 0.0, 0.0, 0.0, 0.0, 0.0, 0.0, 0.0, 0.0, 0.0, 0.0, 0.0, 0.0, 0.0, 0.0, 0.0, 0.0, 0.0, 0.0, 0.0, 0.0, 0.0]
      y: [-10.0, -7.77777777777778, -5.55555555555556, -3.33333333333333, -1.11111111111111, 1.11111111111111, 3.33333333333333, 5.55555555555556, 7.77777777777778, 10.0, -10.0, -7.77777777777778, -5.55555555555556, -3.33333333333333, -1.11111111111111, 1.11111111111111, 3.33333333333333, 5.55555555555556, 7.77777777777778, 10.0, -10.0, -7.77777777777778, -5.55555555555556, -3.33333333333333, -1.11111111111111, 1.11111111111111, 3.33333333333333, 5.55555555555556, 7.77777777777778, 10.0, -10.0, -7.77777777777778, -5.55555555555556, -3.33333333333333, -1.11111111111111, 1.11111111111111, 3.33333333333333, 5.55555555555556, 7.77777777777778, 10.0, -10.0, -7.77777777777778, -5.55555555555556, -3.33333333333333, -1.11111111111111, 1.11111111111111, 3.33333333333333, 5.55555555555556, 7.77777777777778, 10.0, -10.0, -7.77777777777778, -5.55555555555556, -3.33333333333333, -1.11111111111111, 1.11111111111111, 3.33333333333333, 5.55555555555556, 7.77777777777778, 10.0, -10.0, -7.77777777777778, -5.55555555555556, -3.33333333333333, -1.11111111111111, 1.11111111111111, 3.33333333333333, 5.55555555555556, 7.77777777777778, 10.0, -10.0, -7.77777777777778, -5.55555555555556, -3.33333333333333, -1.11111111111111, 1.11111111111111, 3.33333333333333, 5.55555555555556, 7.77777777777778, 10.0, -10.0, -7.77777777777778, -5.55555555555556, -3.33333333333333, -1.11111111111111, 1.11111111111111, 3.33333333333333, 5.55555555555556, 7.77777777777778, 10.0, -10.0, -7.77777777777778, -5.55555555555556, -3.33333333333333, -1.11111111111111, 1.11111111111111, 3.33333333333333, 5.55555555555556, 7.77777777777778, 10.0]
      z: [-10.0, -10.0, -10.0, -10.0, -10.0, -10.0, -10.0, -10.0, -10.0, -10.0, -7.77777777777778, -7.77777777777778, -7.77777777777778, -7.77777777777778, -7.77777777777778, -7.77777777777778, -7.77777777777778, -7.77777777777778, -7.77777777777778, -7.77777777777778, -5.55555555555556, -5.55555555555556, -5.55555555555556, -5.55555555555556, -5.55555555555556, -5.55555555555556, -5.55555555555556, -5.55555555555556, -5.55555555555556, -5.55555555555556, -3.33333333333333, -3.33333333333333, -3.33333333333333, -3.33333333333333, -3.33333333333333, -3.33333333333333, -3.33333333333333, -3.33333333333333, -3.33333333333333, -3.33333333333333, -1.11111111111111, -1.11111111111111, -1.11111111111111, -1.11111111111111, -1.11111111111111, -1.11111111111111, -1.11111111111111, -1.11111111111111, -1.11111111111111, -1.11111111111111, 1.11111111111111, 1.11111111111111, 1.11111111111111, 1.11111111111111, 1.11111111111111, 1.11111111111111, 1.11111111111111, 1.11111111111111, 1.11111111111111, 1.11111111111111, 3.33333333333333, 3.33333333333333, 3.33333333333333, 3.33333333333333, 3.33333333333333, 3.33333333333333, 3.33333333333333, 3.33333333333333, 3.33333333333333, 3.33333333333333, 5.55555555555556, 5.55555555555556, 5.55555555555556, 5.55555555555556, 5.55555555555556, 5.55555555555556, 5.55555555555556, 5.55555555555556, 5.55555555555556, 5.55555555555556, 7.77777777777778, 7.77777777777778, 7.77777777777778, 7.77777777777778, 7.77777777777778, 7.77777777777778, 7.77777777777778, 7.77777777777778, 7.77777777777778, 7.77777777777778, 10.0, 10.0, 10.0, 10.0, 10.0, 10.0, 10.0, 10.0, 10.0, 10.0]
fields: 
  braid: 
    association: "vertex"
    topology: "mesh"
    values: [0.431167497451355, 3.32681206656624, 4.75938438186552, -1.8753916125499, 4.24686922542202, 4.93090759070108, -0.143340393027551, 6.72900140795721, 4.61238526181282, 0.43116821736966, -0.350234838457791, 2.49074160702475, 3.89031682706922, -2.76212019169064, 3.35270417696455, 4.03674254311488, -1.03006896919646, 5.85993385925318, 3.77631481297966, -0.350234101619042, -1.63417328422172, 1.18550345335817, 2.57702012609061, -4.07679790445584, 2.03856354695637, 2.72260191298776, -2.34474668200877, 4.54663715921396, 2.47107666268884, -1.63417253978055, -2.34171379869808, 0.47529581031443, 1.87057503899933, -4.77795539330006, 1.34087928087162, 2.02491764643371, -3.04590417205434, 3.8401920708152, 1.76086901927468, -2.34171305229753, -1.94706981672309, 0.87230814144932, 2.27228203605122, -4.37175013160057, 1.74973389876291, 2.43377226397681, -2.63969891130058, 4.24189906662847, 2.15788134940256, -1.94706907036514, -0.947069813230248, 1.87230814490094, 3.27228203943878, -3.37175012827109, 2.74973390205887, 3.43377226727277, -1.6396989079711, 5.24189907001603, 3.15788135285418, -0.947069066872301, -0.341713795101483, 2.47529581387277, 3.87057504242924, -2.77795539000298, 3.34087928408838, 4.02491764965046, -1.04590416875726, 5.84019207424511, 3.76086902283302, -0.341713048700938, -0.634173289924834, 2.18550344786814, 3.57702012059992, -3.07679791002577, 3.03856354132302, 3.72260190735441, -1.34474668757869, 5.54663715372327, 3.47107665719882, -0.634172545483659, -1.35023484765196, 1.49074159864802, 2.89031681911318, -3.76212019946605, 2.35270416924819, 3.03674253539852, -2.03006897697187, 4.85993385129714, 2.77631480460293, -1.35023411081321, -1.56883249717718, 1.32681207363373, 2.75938439004714, -3.87539160371648, 2.24686923455112, 2.93090759983019, -2.14334038419413, 4.72900141613883, 2.6123852688803, -1.56883177725888]
  radial: 
    association: "element"
    topology: "mesh"
    values: [141.857170386708, 127.17247935844, 114.934227030984, 105.993244601883, 101.22703976827, 101.22703976827, 105.993244601883, 114.934227030984, 127.17247935844, 127.17247935844, 110.554159678513, 96.2250448649376, 85.3460638652068, 79.3492047615872, 79.3492047615872, 85.3460638652068, 96.2250448649376, 110.554159678513, 114.934227030984, 96.2250448649376, 79.3492047615872, 65.734219812218, 57.7350269189626, 57.7350269189626, 65.734219812218, 79.3492047615872, 96.2250448649376, 105.993244601883, 85.3460638652068, 65.734219812218, 48.4322104837853, 36.8513865595044, 36.8513865595044, 48.4322104837853, 65.734219812218, 85.3460638652068, 101.22703976827, 79.3492047615872, 57.7350269189626, 36.8513865595044, 19.2450089729875, 19.2450089729875, 36.8513865595044, 57.7350269189626, 79.3492047615872, 101.22703976827, 79.3492047615872, 57.7350269189626, 36.8513865595044, 19.2450089729875, 19.2450089729875, 36.8513865595044, 57.7350269189626, 79.3492047615872, 105.993244601883, 85.3460638652068, 65.734219812218, 48.4322104837853, 36.8513865595044, 36.8513865595044, 48.4322104837853, 65.734219812218, 85.3460638652068, 114.934227030984, 96.2250448649376, 79.3492047615872, 65.734219812218, 57.7350269189626, 57.7350269189626, 65.734219812218, 79.3492047615872, 96.2250448649376, 127.17247935844, 110.554159678513, 96.2250448649376, 85.3460638652068, 79.3492047615872, 79.3492047615872, 85.3460638652068, 96.2250448649376, 110.554159678513]
  vel: 
    association: "vertex"
    topology: "mesh"
    values: 
      u: [0.0, 0.0, 0.0, 0.0, 0.0, 0.0, 0.0, 0.0, 0.0, 0.0, 0.0, 0.0, 0.0, 0.0, 0.0, 0.0, 0.0, 0.0, 0.0, 0.0, 0.0, 0.0, 0.0, 0.0, 0.0, 0.0, 0.0, 0.0, 0.0, 0.0, 0.0, 0.0, 0.0, 0.0, 0.0, 0.0, 0.0, 0.0, 0.0, 0.0, 0.0, 0.0, 0.0, 0.0, 0.0, 0.0, 0.0, 0.0, 0.0, 0.0, 0.0, 0.0, 0.0, 0.0, 0.0, 0.0, 0.0, 0.0, 0.0, 0.0, 0.0, 0.0, 0.0, 0.0, 0.0, 0.0, 0.0, 0.0, 0.0, 0.0, 0.0, 0.0, 0.0, 0.0, 0.0, 0.0, 0.0, 0.0, 0.0, 0.0, 0.0, 0.0, 0.0, 0.0, 0.0, 0.0, 0.0, 0.0, 0.0, 0.0, 0.0, 0.0, 0.0, 0.0, 0.0, 0.0, 0.0, 0.0, 0.0, 0.0]
      v: [-10.0, -7.77777777777778, -5.55555555555556, -3.33333333333333, -1.11111111111111, 1.11111111111111, 3.33333333333333, 5.55555555555556, 7.77777777777778, 10.0, -10.0, -7.77777777777778, -5.55555555555556, -3.33333333333333, -1.11111111111111, 1.11111111111111, 3.33333333333333, 5.55555555555556, 7.77777777777778, 10.0, -10.0, -7.77777777777778, -5.55555555555556, -3.33333333333333, -1.11111111111111, 1.11111111111111, 3.33333333333333, 5.55555555555556, 7.77777777777778, 10.0, -10.0, -7.77777777777778, -5.55555555555556, -3.33333333333333, -1.11111111111111, 1.11111111111111, 3.33333333333333, 5.55555555555556, 7.77777777777778, 10.0, -10.0, -7.77777777777778, -5.55555555555556, -3.33333333333333, -1.11111111111111, 1.11111111111111, 3.33333333333333, 5.55555555555556, 7.77777777777778, 10.0, -10.0, -7.77777777777778, -5.55555555555556, -3.33333333333333, -1.11111111111111, 1.11111111111111, 3.33333333333333, 5.55555555555556, 7.77777777777778, 10.0, -10.0, -7.77777777777778, -5.55555555555556, -3.33333333333333, -1.11111111111111, 1.11111111111111, 3.33333333333333, 5.55555555555556, 7.77777777777778, 10.0, -10.0, -7.77777777777778, -5.55555555555556, -3.33333333333333, -1.11111111111111, 1.11111111111111, 3.33333333333333, 5.55555555555556, 7.77777777777778, 10.0, -10.0, -7.77777777777778, -5.55555555555556, -3.33333333333333, -1.11111111111111, 1.11111111111111, 3.33333333333333, 5.55555555555556, 7.77777777777778, 10.0, -10.0, -7.77777777777778, -5.55555555555556, -3.33333333333333, -1.11111111111111, 1.11111111111111, 3.33333333333333, 5.55555555555556, 7.77777777777778, 10.0]
      w: [-10.0, -10.0, -10.0, -10.0, -10.0, -10.0, -10.0, -10.0, -10.0, -10.0, -7.77777777777778, -7.77777777777778, -7.77777777777778, -7.77777777777778, -7.77777777777778, -7.77777777777778, -7.77777777777778, -7.77777777777778, -7.77777777777778, -7.77777777777778, -5.55555555555556, -5.55555555555556, -5.55555555555556, -5.55555555555556, -5.55555555555556, -5.55555555555556, -5.55555555555556, -5.55555555555556, -5.55555555555556, -5.55555555555556, -3.33333333333333, -3.33333333333333, -3.33333333333333, -3.33333333333333, -3.33333333333333, -3.33333333333333, -3.33333333333333, -3.33333333333333, -3.33333333333333, -3.33333333333333, -1.11111111111111, -1.11111111111111, -1.11111111111111, -1.11111111111111, -1.11111111111111, -1.11111111111111, -1.11111111111111, -1.11111111111111, -1.11111111111111, -1.11111111111111, 1.11111111111111, 1.11111111111111, 1.11111111111111, 1.11111111111111, 1.11111111111111, 1.11111111111111, 1.11111111111111, 1.11111111111111, 1.11111111111111, 1.11111111111111, 3.33333333333333, 3.33333333333333, 3.33333333333333, 3.33333333333333, 3.33333333333333, 3.33333333333333, 3.33333333333333, 3.33333333333333, 3.33333333333333, 3.33333333333333, 5.55555555555556, 5.55555555555556, 5.55555555555556, 5.55555555555556, 5.55555555555556, 5.55555555555556, 5.55555555555556, 5.55555555555556, 5.55555555555556, 5.55555555555556, 7.77777777777778, 7.77777777777778, 7.77777777777778, 7.77777777777778, 7.77777777777778, 7.77777777777778, 7.77777777777778, 7.77777777777778, 7.77777777777778, 7.77777777777778, 10.0, 10.0, 10.0, 10.0, 10.0, 10.0, 10.0, 10.0, 10.0, 10.0]
  originalElements: 
    association: "element"
    topology: "mesh"
    values: [4, 13, 22, 31, 40, 49, 58, 67, 76, 85, 94, 103, 112, 121, 130, 139, 148, 157, 166, 175, 184, 193, 202, 211, 220, 229, 238, 247, 256, 265, 274, 283, 292, 301, 310, 319, 328, 337, 346, 355, 364, 373, 382, 391, 400, 409, 418, 427, 436, 445, 454, 463, 472, 481, 490, 499, 508, 517, 526, 535, 544, 553, 562, 571, 580, 589, 598, 607, 616, 625, 634, 643, 652, 661, 670, 679, 688, 697, 706, 715, 724]
