{
 "cells": [
  {
   "cell_type": "code",
   "execution_count": 1,
   "metadata": {},
   "outputs": [],
   "source": [
    "import glob\n",
    "# from slab import *\n",
    "#import PyInventor\n",
    "#from PyInventor import *\n",
    "%load_ext autoreload\n",
    "%autoreload 2\n",
    "#import pyEPR as epr\n",
    "#from pyEPR import ansys as HFSS\n",
    "import numpy as np\n",
    "\n",
    "%matplotlib notebook\n",
    "\n",
    "import pandas as pd\n",
    "import pyEPR\n",
    "from pyEPR import ansys as HFSS\n",
    "\n",
    "import scipy\n",
    "from scipy import constants as const\n",
    "\n",
    "from pint import UnitRegistry\n",
    "ureg = UnitRegistry()    \n",
    "Q = ureg.Quantity\n",
    "import os\n",
    "import matplotlib.pyplot as plt\n",
    "\n",
    "def flt2strfmt(val, fmt='%.3f', units='mm'):\n",
    "    return (fmt % val) + units\n",
    "\n",
    "import matplotlib\n",
    "import datetime"
   ]
  },
  {
   "cell_type": "markdown",
   "metadata": {},
   "source": [
    "# Add junction and chip"
   ]
  },
  {
   "cell_type": "code",
   "execution_count": 54,
   "metadata": {},
   "outputs": [
    {
     "name": "stdout",
     "output_type": "stream",
     "text": [
      "project_name: planar_pads_l_coupled_three_geom2_cavities_bbq_y11_220726\n",
      "path: Z:\\tcav\\ipynbs\\HFSS\\planar_pads_l_coupled_three_geom2_cavities_bbq_y11_220726.aedt\n"
     ]
    },
    {
     "name": "stderr",
     "output_type": "stream",
     "text": [
      "C:\\Anaconda3\\envs\\py39\\lib\\site-packages\\pyepr-0.8-py3.9.egg\\pyEPR\\ansys.py:486: UserWarning: No project in path of name: planar_pads_l_coupled_three_geom2_cavities_bbq_y11_220726.aedt\n",
      "C:\\Anaconda3\\envs\\py39\\lib\\site-packages\\pyepr-0.8-py3.9.egg\\pyEPR\\ansys.py:487: UserWarning: Creating new project ...\n"
     ]
    },
    {
     "name": "stdout",
     "output_type": "stream",
     "text": [
      "z_offset: z_offset\n",
      "x_cpl_offset: x_cpl_offset\n"
     ]
    }
   ],
   "source": [
    "'''\n",
    "HFSS eigenmode simulation Creation:\n",
    "\n",
    "This sets up a standard eigenmode simulation without the qubit, just the bare cavity created above. It calculates\n",
    "the mode frequencies, loss (with boundary impedances set) and the electric and magnetic surface participation \n",
    "ratios (S_e, S_m)\n",
    "\n",
    "'''\n",
    "# Toggle between eigenmode and driven modal\n",
    "solution_type = 'driven_modal' \n",
    "# solution_type = 'eigenmode'\n",
    "\n",
    "# Define the cavity parameters [mm]\n",
    "z_cav_1 = 100\n",
    "y_cav_1 = 25\n",
    "x_cav_1 = 10\n",
    "z_cav_2 = 100\n",
    "y_cav_2 = 25\n",
    "x_cav_2 = 10\n",
    "z_offset = 0\n",
    "cav_thickness = 1\n",
    "\n",
    "# Define the coupler parameters [mmm]\n",
    "z_coupler = 32.\n",
    "y_coupler = 0.5\n",
    "x_coupler = 2.5\n",
    "\n",
    "# Substrate dimensions\n",
    "x_sub = x_coupler\n",
    "y_sub = 0.450 # 450 um\n",
    "z_sub = 5.\n",
    "\n",
    "# Offsets of the junction pads\n",
    "ycoupler_offset = 0.\n",
    "zcoupler_offset = 0.\n",
    "\n",
    "# Light and heavy modes (500, 100 um)\n",
    "# l_junc = 500e-3\n",
    "# l_junc = 100e-3\n",
    "l_junc = 0.05\n",
    "coupler_pads = (x_coupler - l_junc) / 2\n",
    "y_pads = 0.1\n",
    "w_junc = l_junc / 2 * 1e-3\n",
    "\n",
    "# Project and HFSS design names for the bare waveguide model\n",
    "dd = datetime.datetime.today().strftime('%y%m%d')\n",
    "ref_name = 'planar_pads_l_coupled_three_geom2_cavities_bbq_y11'\n",
    "project_name=f'{ref_name}_{dd}'\n",
    "design_name=f'{ref_name}_hfss_design_{dd}'\n",
    "overwrite=True\n",
    "\n",
    "#use file location path:\n",
    "HFSS_path=os.getcwd()\n",
    "\n",
    "full_path=HFSS_path+'\\\\HFSS\\\\'+project_name+'.aedt'\n",
    "\n",
    "HFSS_app=HFSS.HfssApp()\n",
    "HFSS_desktop=HFSS_app.get_app_desktop()\n",
    "\n",
    "project=HFSS_desktop.open_project(full_path)\n",
    "\n",
    "if project==None:\n",
    "    project=HFSS_desktop.new_project()\n",
    "    project.save(full_path)\n",
    "    \n",
    "project.save(full_path)\n",
    "project.make_active()\n",
    "    \n",
    "if design_name in project.get_design_names():\n",
    "    if overwrite==True:\n",
    "        project.delete_design(design_name)\n",
    "        project.save()\n",
    "        \n",
    "        # Setup a driven modal design type\n",
    "        if solution_type == 'driven_modal':\n",
    "            EM_design=project.new_dm_design(design_name)\n",
    "        elif solution_type == 'eigenmode':\n",
    "            EM_design=project.new_dm_design(design_name)\n",
    "        else:\n",
    "            raise ValueError(f'Solution type ({solution_type}) not recognized.')\n",
    "    else:\n",
    "        EM_design=project.get_design(design_name)\n",
    "        \n",
    "else:\n",
    "    if solution_type == 'driven_modal':\n",
    "        EM_design=project.new_dm_design(design_name)\n",
    "    elif solution_type == 'eigenmode':\n",
    "        EM_design=project.new_dm_design(design_name)\n",
    "    else:\n",
    "        raise ValueError(f'Solution type ({solution_type}) not recognized.')\n",
    "        \n",
    "EM_design.make_active()\n",
    "model=HFSS.HfssModeler(EM_design)\n",
    "\n",
    "# Geometry parameters\n",
    "zcav1 = EM_design.set_variable('z_cav_1', flt2strfmt(z_cav_1))\n",
    "ycav1 = EM_design.set_variable('y_cav_1', flt2strfmt(y_cav_1))\n",
    "xcav1 = EM_design.set_variable('x_cav_1', flt2strfmt(x_cav_1))\n",
    "zcav2 = EM_design.set_variable('z_cav_2', flt2strfmt(z_cav_2))\n",
    "ycav2 = EM_design.set_variable('y_cav_2', flt2strfmt(y_cav_2))\n",
    "xcav2 = EM_design.set_variable('x_cav_2', flt2strfmt(x_cav_2))\n",
    "zcpl  = EM_design.set_variable('z_coupler', flt2strfmt(z_coupler))\n",
    "ycpl  = EM_design.set_variable('y_coupler', flt2strfmt(y_coupler))\n",
    "xcpl  = EM_design.set_variable('x_coupler', flt2strfmt(x_coupler))\n",
    "ycpl_offset = EM_design.set_variable('ycoupler_offset',\n",
    "                                    flt2strfmt(ycoupler_offset))\n",
    "zcpl_offset = EM_design.set_variable('zcoupler_offset',\n",
    "                                    flt2strfmt(zcoupler_offset))\n",
    "z_offset  = EM_design.set_variable('z_offset', flt2strfmt(z_offset))\n",
    "x_cpl_offset = EM_design.set_variable('x_cpl_offset', flt2strfmt(2e3*x_cav_1))\n",
    "tcav = EM_design.set_variable('cav_thickness', flt2strfmt(cav_thickness))\n",
    "cpl_pads = EM_design.set_variable('coupler_pads', flt2strfmt(coupler_pads))\n",
    "ypads = EM_design.set_variable('y_pads', flt2strfmt(y_pads))\n",
    "ljunc = EM_design.set_variable('l_junc', flt2strfmt(l_junc))\n",
    "\n",
    "xsub = EM_design.set_variable('x_sub', flt2strfmt(x_sub))\n",
    "ysub = EM_design.set_variable('y_sub', flt2strfmt(y_sub))\n",
    "zsub = EM_design.set_variable('z_sub', flt2strfmt(z_sub))\n",
    "\n",
    "print(f'z_offset: {z_offset}')\n",
    "print(f'x_cpl_offset: {x_cpl_offset}')\n",
    "\n",
    "# Origin\n",
    "pos=[0, 0, 0]\n",
    "\n",
    "# Draw the cavities\n",
    "## Define the cavity and coupler dimensions and positions\n",
    "cav1_dims = [xcav1, ycav1, zcav1]\n",
    "cav2_dims = [xcav1, ycav1, zcav2]\n",
    "\n",
    "cav1_pos = [0, -ycpl/2-ycav1/2, 0]\n",
    "cav2_pos = [0, ycpl/2+ycav2/2, 0]\n",
    "\n",
    "cpl_dims = [xcpl, ycpl, zcpl/2]\n",
    "cplout_dims = [xcpl+tcav, ycpl+tcav, zcpl/2+tcav]\n",
    "cpl_pos = [0, 0, 0]\n",
    "\n",
    "\n",
    "# cav1 = model.draw_box_center(cav1_pos, cav1_dims, name='cavity_1')\n",
    "pad1_pos = [-cpl_pads/2-ljunc/2, ysub/2+ycpl_offset, zcpl_offset]\n",
    "pad2_pos = [cpl_pads/2+ljunc/2, ysub/2+ycpl_offset, zcpl_offset]\n",
    "\n",
    "pad_dims = [cpl_pads,  ypads, xcpl/10]\n",
    "cpl  = model.draw_box_center(cpl_pos, cpl_dims, name='coupler')\n",
    "cav1  = model.draw_box_center(cav1_pos, cav1_dims, name='cav1')\n",
    "cav2  = model.draw_box_center(cav2_pos, cav2_dims, name='cav2')\n",
    "\n",
    "model.unite(names=['coupler', 'cav1', 'cav2'],\n",
    "            keep_originals=False)\n",
    "\n",
    "# Planar pads\n",
    "pad1=model.draw_rect_center(pos=pad1_pos, x_size=pad_dims[0],\n",
    "                          y_size=0,\n",
    "                          z_size = pad_dims[2],\n",
    "                          name='pad1')\n",
    "pad2=model.draw_rect_center(pos=pad2_pos, x_size=pad_dims[0],\n",
    "                          y_size=0,\n",
    "                          z_size = pad_dims[2],\n",
    "                          name='pad2')\n",
    "\n",
    "# Substrate\n",
    "sub_pos = [0, 0, 0]\n",
    "sub_dims = [xsub, ysub, zsub]\n",
    "substrate = model.draw_box_center(sub_pos, sub_dims, name='substrate',\n",
    "                                 material='sapphire')"
   ]
  },
  {
   "cell_type": "markdown",
   "metadata": {},
   "source": [
    "## Assign the junction to be a lumped port"
   ]
  },
  {
   "cell_type": "code",
   "execution_count": 55,
   "metadata": {},
   "outputs": [],
   "source": [
    "if solution_type == 'driven_modal':\n",
    "    model.assign_perfect_E([pad1, pad2], name='junction_pads')\n",
    "    junc_loc = [0, ysub/2+ycpl_offset, zcpl_offset]\n",
    "    jj=model.draw_rect_center(pos=junc_loc, x_size=xcpl-2*cpl_pads,\n",
    "                              y_size=0,\n",
    "                              z_size = w_junc,\n",
    "                              name='jj')\n",
    "\n",
    "    Lj_val=10.  #<---this sets the nominal Lj_val, should be same as start\n",
    "    L_jj=EM_design.set_variable('Lj_1', '%.3fnH'%Lj_val)\n",
    "    jj_line=model.draw_polyline(jj.make_center_line(axis='X'), \n",
    "                                closed=False, name='jj_line')\n",
    "    jj.make_lumped_port('X', z0=1e6)"
   ]
  },
  {
   "cell_type": "code",
   "execution_count": null,
   "metadata": {},
   "outputs": [
    {
     "name": "stdout",
     "output_type": "stream",
     "text": [
      "Discrete sweep from 5.0 to 6.008 GHz ...\n",
      "Discrete sweep from 6.008 to 6.018 GHz ...\n",
      "Discrete sweep from 6.018 to 7.383 GHz ...\n",
      "Discrete sweep from 7.383 to 7.393 GHz ...\n",
      "Discrete sweep from 7.393 to 9.505999999999998 GHz ...\n",
      "Discrete sweep from 9.505999999999998 to 9.516 GHz ...\n"
     ]
    }
   ],
   "source": [
    "if solution_type == 'driven_modal':\n",
    "    \n",
    "    DM_setup = EM_design.create_dm_setup()\n",
    "    \n",
    "    # Define the sweep range\n",
    "    f1 = 5.; f2 = 13.; count = 201\n",
    "    \n",
    "    # Identify resonances from interpolating sweep manually (for now)\n",
    "    resonances = np.array([6.013, 7.388, 9.511, 11.104, 12.549])\n",
    "    \n",
    "    f1r = 5.\n",
    "    df  = 0.01 # 10 MHz window\n",
    "    # Iteratve over all resonances and shift the discrete\n",
    "    # sweep window from f1r to f2r\n",
    "    for ridx, fr in enumerate(resonances):\n",
    "        # First sweep from f1 to fr_j - df / 2\n",
    "        f2r = fr - df / 2\n",
    "        print(f'Discrete sweep from {f1r} to {f2r} GHz ...')\n",
    "        DM_setup.insert_sweep(f1r, f2r,\n",
    "                              count=count,\n",
    "                              save_fields=True,\n",
    "                              name=f'Discrete_Sweep_{2*ridx}',\n",
    "                              type='Discrete')\n",
    "        DM_setup.solve()\n",
    "               \n",
    "        # Second sweep from fr_j - df / 2 to fr_j + df / 2\n",
    "        f1r = f2r\n",
    "        f2r = fr + df / 2\n",
    "        print(f'Discrete sweep from {f1r} to {f2r} GHz ...')\n",
    "        DM_setup.insert_sweep(f1r, f2r,\n",
    "                              count=count,\n",
    "                              save_fields=True,\n",
    "                              name=f'Discrete_Sweep_{2*ridx+1}',\n",
    "                              type='Discrete')\n",
    "        DM_setup.solve()\n",
    "        \n",
    "        # Next sweep from fr_j + df / 2 to fr_j+1 - df / 2\n",
    "        f1r = f2r\n",
    "    \n",
    "    # Last frequency band from fr_j + df / 2 to f2\n",
    "    f2r = f2\n",
    "    print(f'Last discrete sweep from {f1r} to {f2r} GHz ...')\n",
    "    DM_setup.insert_sweep(f1r, f2r,\n",
    "                          count=count,\n",
    "                          save_fields=True,\n",
    "                          name=f'Discrete_Sweep_{2*len(resonances)+1}',\n",
    "                          type='Discrete')\n",
    "    DM_setup.solve()"
   ]
  },
  {
   "cell_type": "markdown",
   "metadata": {},
   "source": [
    "## Combine data from several fine sweeps, fill with zeros in between"
   ]
  },
  {
   "cell_type": "code",
   "execution_count": 5,
   "metadata": {},
   "outputs": [],
   "source": [
    "def combine_multiple_data(files : list, Nzeros : int=10):\n",
    "    \"\"\"\n",
    "    Combines data from multiple sweeps, fills with zeros outside of run\n",
    "    \"\"\"\n",
    "    # Iterate over all files\n",
    "    zero_pad = np.ones(Nzeros)\n",
    "    fdata = np.array([])\n",
    "    yredata = np.array([])\n",
    "    yimdata = np.array([])\n",
    "    data0 = np.genfromtxt(files[0], delimiter=',', skip_header=1).T\n",
    "    \n",
    "    if len(files) > 1:\n",
    "        for fidx, file in enumerate(files[1:]):\n",
    "\n",
    "            # Get the current data file\n",
    "            data1 = np.genfromtxt(file, delimiter=',', skip_header=1).T\n",
    "            \n",
    "            # Store the previous data\n",
    "            fdata = np.hstack((fdata, data0[0]))\n",
    "            yredata = np.hstack((yredata, data0[1]))\n",
    "            yimdata = np.hstack((yimdata, data0[2]))\n",
    "            \n",
    "            # Determine the frequency array and zeros to append\n",
    "            fapp = np.linspace(data0[0,-1], data1[0,0], Nzeros)\n",
    "            print(f'fapp: [{fapp[0]/1e9}, {fapp[-1]/1e9}] GHz')\n",
    "            fdata = np.hstack((fdata, fapp))\n",
    "            yredata = np.hstack((yredata, zero_pad * yredata[-1]))\n",
    "            yimdata = np.hstack((yimdata, zero_pad * yimdata[-1]))\n",
    "            data0 = np.copy(data1)\n",
    "            \n",
    "        # Store the last data set\n",
    "        fdata = np.hstack((fdata, data0[0]))\n",
    "        yredata = np.hstack((yredata, data0[1]))\n",
    "        yimdata = np.hstack((yimdata, data0[2]))\n",
    "        \n",
    "        # Convert to numpy arrays and make y complex\n",
    "        fdata = np.asarray(fdata).flatten()\n",
    "        ydata = yredata.flatten() + 1j * yimdata.flatten()\n",
    "        \n",
    "        return fdata, ydata"
   ]
  },
  {
   "cell_type": "markdown",
   "metadata": {},
   "source": [
    "## Postprocessing, blackbox quantization"
   ]
  },
  {
   "cell_type": "code",
   "execution_count": 6,
   "metadata": {},
   "outputs": [],
   "source": [
    "def get_wp_Cp_Lp(f, y, LJ0=10e-9, CJ0=2e-15, fscale=1e9, use_Zq=False):\n",
    "    \"\"\"\n",
    "    Converts frequency-dependent imaginary parts\n",
    "    of the admittance data to poles,\n",
    "    capacitances, and inductances\n",
    "    \"\"\"\n",
    "    # Add the junction inductance and capacitance to the\n",
    "    # total admittance\n",
    "    # Compute the zero crossings\n",
    "    fcpy = np.copy(f * fscale)\n",
    "    ycpy = np.copy(np.complex128(y))\n",
    "    if LJ0:\n",
    "        ycpy += (1. / (1j * fcpy * 2 * np.pi * LJ0)) \\\n",
    "          + 1j * fcpy * 2 * np.pi * CJ0\n",
    "    \n",
    "    yim = ycpy.imag\n",
    "    zero_xing_idxs = np.where(np.diff(np.sign(yim)))[0]\n",
    "    wp = 2 * np.pi * fcpy[zero_xing_idxs]\n",
    "    yp = yim[zero_xing_idxs]\n",
    "\n",
    "    # Compute the capacitances from the derivatives\n",
    "    ypp = np.gradient(ycpy, 2*np.pi*(fcpy[1]-fcpy[0]))\n",
    "    Cp = 0.5 * np.abs(ypp.imag[zero_xing_idxs])\n",
    "    Lp = 1. / (wp**2 * Cp)\n",
    "    Zp = np.sqrt(Lp / Cp)\n",
    "    Rp = 1. / np.abs(np.real(ycpy[zero_xing_idxs]))\n",
    "    Qp = wp * Rp * Cp\n",
    "    \n",
    "    # Physical constants\n",
    "    h    = 6.62607015e-34 \n",
    "    hbar = h / (2 * np.pi)\n",
    "    e    = 1.602176634e-19\n",
    "    Phi0 = h / (2 * e)\n",
    "    \n",
    "    # Compute Ej, Ec\n",
    "    if LJ0 and CJ0:\n",
    "        # Compute the Josephson inductive and charging energies\n",
    "        Ej = (Phi0 / (2 * np.pi))**2 / LJ0\n",
    "        Ec = e**2 / (2 * CJ0)\n",
    "\n",
    "        # Compute inductive energies, EL\n",
    "        EL = 0.5 * Phi0**2 / Lp\n",
    "\n",
    "        # Compute the phase zero point fluctuations\n",
    "        GQ = 2 * e**2 / h\n",
    "        phip2 = 2 * np.pi * GQ * Zp\n",
    "\n",
    "        # Compute the participations\n",
    "        # p = phi2 * 2 * Ej / (hbar * wp)\n",
    "        pl = Lp / LJ0\n",
    "        pc = Cp / CJ0\n",
    "\n",
    "        # Compute the gs / Ds\n",
    "        Zq = np.sqrt(LJ0 / CJ0)\n",
    "        gD = np.sqrt(Zp / Zq)\n",
    "\n",
    "        # Compute the chis, anharmonicities\n",
    "        # In units of Hz\n",
    "        chipp  = -Ec * gD**2 / h\n",
    "        chippp = np.asarray([-2 * np.sqrt(chipp[p] * chipp[q]) \n",
    "                             for p in range(len(chipp))\n",
    "                             for q in range(len(chipp))])\n",
    "        chippp = chippp.reshape([len(chipp), len(chipp)])\n",
    "\n",
    "        return wp, Lp, Cp, Qp, fcpy, ycpy, yp, pl, pc, gD, chippp\n",
    "    \n",
    "    else:\n",
    "        return wp, Lp, Cp, Qp, fcpy, ycpy, yp, None, None, None, None"
   ]
  },
  {
   "cell_type": "code",
   "execution_count": 7,
   "metadata": {},
   "outputs": [],
   "source": [
    "def set_axes_fonts(ax, fsize):\n",
    "    \"\"\"\n",
    "    Set axes font sizes because it should be abstracted away\n",
    "    \"\"\"\n",
    "    for tick in ax.get_xticklabels():\n",
    "        tick.set_fontsize(fsize)\n",
    "    for tick in ax.get_yticklabels():\n",
    "        tick.set_fontsize(fsize)\n",
    "\n",
    "def set_xaxis_rot(ax, angle=45):\n",
    "    \"\"\"\n",
    "    Rotate the x-axis labels\n",
    "    \"\"\"\n",
    "        \n",
    "    for tick in ax.get_xticklabels():\n",
    "        tick.set_rotation(angle)\n",
    "\n",
    "def set_leg_outside(ax, fsize):\n",
    "    \"\"\"\n",
    "    Sets the legend location outside\n",
    "    \"\"\"\n",
    "    \n",
    "    # Shrink current axis by 20%\n",
    "    box = ax.get_position()\n",
    "    ax.set_position([box.x0, box.y0, box.width * 0.8, box.height])\n",
    "    \n",
    "    # Put a legend to the right of the current axis\n",
    "    hdls, legs = ax.get_legend_handles_labels()\n",
    "    leg = ax.legend(hdls, legs, loc='center left', bbox_to_anchor=(1, 0.5), \\\n",
    "                    fontsize=fsize, framealpha=0.)\n",
    "\n",
    "    return leg"
   ]
  },
  {
   "cell_type": "markdown",
   "metadata": {},
   "source": [
    "## Load and plot the Eigenmode data"
   ]
  },
  {
   "cell_type": "markdown",
   "metadata": {},
   "source": [
    "#### Combine data files with the function above"
   ]
  },
  {
   "cell_type": "code",
   "execution_count": 16,
   "metadata": {},
   "outputs": [
    {
     "data": {
      "text/plain": [
       "array([ 0,  1,  2,  3,  4,  5,  6,  7,  8,  9, 10])"
      ]
     },
     "execution_count": 16,
     "metadata": {},
     "output_type": "execute_result"
    }
   ],
   "source": [
    "np.linspace(0, 10, 11, dtype=int)"
   ]
  },
  {
   "cell_type": "code",
   "execution_count": 17,
   "metadata": {},
   "outputs": [
    {
     "name": "stdout",
     "output_type": "stream",
     "text": [
      "fapp: [6.008e-09, 6.008e-09] GHz\n",
      "fapp: [6.018e-09, 6.018e-09] GHz\n",
      "fapp: [7.383e-09, 7.383e-09] GHz\n",
      "fapp: [7.393e-09, 7.393e-09] GHz\n",
      "fapp: [9.506000000000001e-09, 9.506000000000001e-09] GHz\n",
      "fapp: [9.516e-09, 9.516e-09] GHz\n",
      "fapp: [1.1099e-08, 1.1099e-08] GHz\n",
      "fapp: [1.1109e-08, 1.1109e-08] GHz\n",
      "fapp: [1.2544e-08, 1.2544e-08] GHz\n",
      "fapp: [1.2554e-08, 1.2554e-08] GHz\n"
     ]
    }
   ],
   "source": [
    "freqs_in = np.linspace(0, 10, 11, dtype=int)\n",
    "files = [f'../data/y11_sapphire_three_cavities_planar_plates_long_coupler_{f}_220726.csv'\n",
    "         for f in freqs_in]\n",
    "fdata, ydata = combine_multiple_data(files)"
   ]
  },
  {
   "cell_type": "code",
   "execution_count": 18,
   "metadata": {},
   "outputs": [
    {
     "data": {
      "text/plain": [
       "array([ 5.     ,  5.00504,  5.01008, ..., 12.99554, 12.99777, 13.     ])"
      ]
     },
     "execution_count": 18,
     "metadata": {},
     "output_type": "execute_result"
    }
   ],
   "source": [
    "fdata"
   ]
  },
  {
   "cell_type": "code",
   "execution_count": 19,
   "metadata": {},
   "outputs": [
    {
     "data": {
      "text/plain": [
       "array([3.01065513e-10+0.01272118j, 3.01445423e-10+0.01276226j,\n",
       "       3.01826043e-10+0.01280346j, ..., 8.43481300e-10+0.03982303j,\n",
       "       8.44729482e-10+0.03989331j, 8.45984911e-10+0.03996356j])"
      ]
     },
     "execution_count": 19,
     "metadata": {},
     "output_type": "execute_result"
    }
   ],
   "source": [
    "ydata"
   ]
  },
  {
   "cell_type": "code",
   "execution_count": null,
   "metadata": {},
   "outputs": [],
   "source": [
    "# Load the data from the z-coupler sweep\n",
    "# Load the data from the y-coupler sweep\n",
    "fsize = 20; lsize = 12\n",
    "fname_eigenmode = '../data/geometric_degenerate_coupler_splitting_vs_z_coupler_220709.csv'\n",
    "# fname_eigenmode = '../data/geometric_nondegenerate_coupler_splitting_vs_y_coupler.csv'\n",
    "# fname_eigenmode = '../data/geometric_degenerate_coupler_splitting_vs_y_coupler.csv'\n",
    "fname_eigenmode = '../data/modes_vs_zcav2_220709.csv'\n",
    "fname_eigenmode = '../data/modes_vs_zcav2_220723.csv'\n",
    "data = np.genfromtxt(fname_eigenmode, delimiter=',', skip_header=1).T\n",
    "zdata = np.unique(data[1])\n",
    "wdata = data[2:]\n",
    "Nmodes = 6\n",
    "fig, ax = plt.subplots(1, 1, tight_layout=True)\n",
    "for widx, w in enumerate(wdata[0:Nmodes]): \n",
    "    ax.plot(zdata, w/1e9, 'o-', label=f'Mode-{widx+1}')\n",
    "# ax.set_xlabel(r'$z_{\\mathrm{coupler}}$ [mm]', fontsize=fsize)\n",
    "ax.set_xlabel(r'$z_{\\mathrm{cav,2}}$ [mm]', fontsize=fsize)\n",
    "ax.set_ylabel(r'Eigenfrequency [GHz]', fontsize=fsize)\n",
    "set_xaxis_rot(ax, 45)\n",
    "set_axes_fonts(ax, fsize)\n",
    "#ax.set_xlim([90, 110])\n",
    "#ax.set_ylim([5.1, 6.3])\n",
    "#dw = np.min(wdata[1, 5:15] - wdata[0, 5:15])\n",
    "print(f'dw: {dw/1e6} MHz')\n",
    "#ax.annotate(f'{dw/1e6 : .0f} MHz', (97., 5.7), fontsize=fsize)\n",
    "leg = set_leg_outside(ax, lsize)\n",
    "fig.savefig('../figs/modes_vs_zcoupler_degenerate_220709.pdf',\n",
    "           format='pdf')"
   ]
  },
  {
   "cell_type": "code",
   "execution_count": null,
   "metadata": {},
   "outputs": [],
   "source": [
    "## Load the data manually exported from HFSS Y-parameter plots\n",
    "\n",
    "# Load the data from file, combine as one wide frequency sweep\n",
    "yredata = []\n",
    "yimdata = []\n",
    "fdata = []\n",
    "# Set the directories and name the files in a sane fashion\n",
    "# dstr = '220205'\n",
    "# dstr = '211217'\n",
    "# dstr ='220511'\n",
    "dstr ='220513'\n",
    "dstr = '220531'\n",
    "dstr = '220707'\n",
    "dstr = '220717'\n",
    "data_prefix = f'../data/y11_monolithic_pads'\n",
    "data_prefix = '../data/y11_ycpl_sweep'\n",
    "data_prefix = '../data/y11_sapphire_three_cavities_planar_plates'\n",
    "data_prefix = '../data/y11_sapphire_three_cavities_planar_plates_long_coupler'\n",
    "# data_prefix = '../data/y11_zcpl_sweep'\n",
    "is_zcpl_offset = False\n",
    "# is_zcpl_offset = True\n",
    "is_ycpl_offset = False\n",
    "# is_ycpl_offset = False\n",
    "fswp1 = f'{data_prefix}_5_25GHz_50um_offset_{dstr}.csv'\n",
    "fswp1 = f'{data_prefix}_5_20GHz_{dstr}.csv'\n",
    "fswp1 = f'{data_prefix}_5_13GHz_{dstr}.csv'\n",
    "# fswp1 = f'{data_prefix}_5_25GHz_50um_{dstr}.csv'\n",
    "\n",
    "# Iterate over all of the files\n",
    "\n",
    "# JJ position sweep unraveling\n",
    "data = np.genfromtxt(fswp1, delimiter=',', skip_header=1).T\n",
    "\n",
    "if is_zcpl_offset:\n",
    "    xdata = np.unique(data[0])\n",
    "    fdata = np.unique(data[1])\n",
    "    yredata = data[2].reshape(xdata.size, fdata.size)\n",
    "    yimdata = data[3].reshape(xdata.size, fdata.size)\n",
    "    xscale = z_coupler / 4\n",
    "elif is_ycpl_offset:\n",
    "    xdata = np.unique(data[0])\n",
    "    fdata = np.unique(data[1])\n",
    "    yredata = data[2].reshape(xdata.size, fdata.size)\n",
    "    yimdata = data[3].reshape(xdata.size, fdata.size)\n",
    "    xscale = y_coupler / 2\n",
    "else:\n",
    "    data = np.genfromtxt(fswp1, delimiter=',', skip_header=1).T\n",
    "    fdata = data[0]\n",
    "    yredata = data[1]\n",
    "    yimdata = data[2]\n",
    "\n",
    "# Combine and flatten the data\n",
    "# fdata = np.asarray(fdata).flatten()\n",
    "# yredata = np.asarray(yredata).flatten()\n",
    "#yimdata = np.asarray(yimdata).flatten()\n",
    "ydata = yredata + 1j * yimdata\n",
    "\n",
    "# Remove last point\n",
    "ydata.shape"
   ]
  },
  {
   "cell_type": "code",
   "execution_count": null,
   "metadata": {},
   "outputs": [],
   "source": [
    "ydata.shape"
   ]
  },
  {
   "cell_type": "code",
   "execution_count": null,
   "metadata": {},
   "outputs": [],
   "source": [
    "fdata.shape"
   ]
  },
  {
   "cell_type": "code",
   "execution_count": null,
   "metadata": {},
   "outputs": [],
   "source": [
    "# Plot the results, save the figure(s)\n",
    "fsize = 20\n",
    "fscale = 1e9\n",
    "wp, Lp, Cp, Qp, fcpy, ycpy, yp, pl, pc, gD, chippp = \\\n",
    "get_wp_Cp_Lp(fdata, ydata, LJ0=None, CJ0=None, fscale=1e9, use_Zq=False)\n",
    "\n",
    "fig, ax = plt.subplots(1, 1, tight_layout=True)\n",
    "ax.plot(fdata, ydata.imag)\n",
    "ax.plot(wp/(2*np.pi*fscale), yp.imag, 'o', label='Zero Crossings')\n",
    "ax.set_ylabel(r'Im $Y(\\omega)$', fontsize=fsize)\n",
    "ax.set_xlabel(r'Frequency [GHz]', fontsize=fsize)\n",
    "set_axes_fonts(ax, fsize)\n",
    "#ax.set_xlim([6.08, 6.081])\n",
    "# fig.savefig(f'../figs/zeros_term_bbq_inductive_50um_{dstr}.pdf', format='pdf')"
   ]
  },
  {
   "cell_type": "markdown",
   "metadata": {},
   "source": [
    "## Iterate over all coupler offset values, fix LJ=10 nH"
   ]
  },
  {
   "cell_type": "code",
   "execution_count": 45,
   "metadata": {},
   "outputs": [
    {
     "name": "stdout",
     "output_type": "stream",
     "text": [
      "wpp: [3.65460217e+10 3.77833065e+10 4.41588547e+10 4.64170315e+10\n",
      " 4.87749538e+10 5.97618887e+10 6.02881055e+10 6.97678613e+10\n",
      " 7.30457991e+10 7.60212015e+10 7.60662834e+10 7.88417234e+10\n",
      " 7.92994534e+10]\n",
      "Lp: [1.31731942e-10 5.44249792e-16 2.19192207e-10 4.93418908e-16\n",
      " 1.29723408e-10 3.92582882e-16 7.54630017e-12 4.60720912e-17\n",
      " 2.73372241e-11 6.24172450e-13 2.01706597e-12 2.61941339e-16\n",
      " 1.26399149e-11]\n",
      "Cp: [5.68366788e-12 1.28706893e-06 2.33958748e-12 9.40653092e-07\n",
      " 3.24032011e-12 7.13214251e-07 3.64588235e-11 4.45914151e-06\n",
      " 6.85575199e-12 2.77220885e-10 8.56831656e-11 6.14163127e-07\n",
      " 1.25810087e-11]\n",
      "pl: [1.31731942e-01 5.44249792e-07 2.19192207e-01 4.93418908e-07\n",
      " 1.29723408e-01 3.92582882e-07 7.54630017e-03 4.60720912e-08\n",
      " 2.73372241e-02 6.24172450e-04 2.01706597e-03 2.61941339e-07\n",
      " 1.26399149e-02]\n",
      "pc: [2.84183394e+03 6.43534463e+08 1.16979374e+03 4.70326546e+08\n",
      " 1.62016005e+03 3.56607125e+08 1.82294118e+04 2.22957075e+09\n",
      " 3.42787599e+03 1.38610443e+05 4.28415828e+04 3.07081564e+08\n",
      " 6.29050433e+03]\n",
      "chip: [[-1.31880614e+08 -2.72561479e+05 -1.86997937e+08 -2.87648382e+05\n",
      "  -1.51189966e+08 -2.91134181e+05 -4.05413510e+07 -1.07761103e+05\n",
      "  -8.49356840e+07 -1.30928750e+07 -2.35435262e+07 -2.73146372e+05\n",
      "  -6.01758914e+07]\n",
      " [-2.72561479e+05 -5.63310691e+02 -3.86474044e+05 -5.94491230e+02\n",
      "  -3.12468675e+05 -6.01695431e+02 -8.37879825e+04 -2.22712988e+02\n",
      "  -1.75539035e+05 -2.70594235e+04 -4.86580866e+04 -5.64519506e+02\n",
      "  -1.24367255e+05]\n",
      " [-1.86997937e+08 -3.86474044e+05 -2.65150634e+08 -4.07866269e+05\n",
      "  -2.14377313e+08 -4.12808900e+05 -5.74849386e+07 -1.52798075e+05\n",
      "  -1.20433149e+08 -1.85648258e+07 -3.33831539e+07 -3.87303384e+05\n",
      "  -8.53254107e+07]\n",
      " [-2.87648382e+05 -5.94491230e+02 -4.07866269e+05 -6.27397683e+02\n",
      "  -3.29764533e+05 -6.35000653e+02 -8.84258396e+04 -2.35040663e+02\n",
      "  -1.85255523e+05 -2.85572246e+04 -5.13514233e+04 -5.95766956e+02\n",
      "  -1.31251268e+05]\n",
      " [-1.51189966e+08 -3.12468675e+05 -2.14377313e+08 -3.29764533e+05\n",
      "  -1.73326504e+08 -3.33760706e+05 -4.64772288e+07 -1.23538987e+05\n",
      "  -9.73715755e+07 -1.50098735e+07 -2.69906609e+07 -3.13139205e+05\n",
      "  -6.89865682e+07]\n",
      " [-2.91134181e+05 -6.01695431e+02 -4.12808900e+05 -6.35000653e+02\n",
      "  -3.33760706e+05 -6.42695758e+02 -8.94974071e+04 -2.37888947e+02\n",
      "  -1.87500498e+05 -2.89032886e+04 -5.19737133e+04 -6.02986616e+02\n",
      "  -1.32841805e+05]\n",
      " [-4.05413510e+07 -8.37879825e+04 -5.74849386e+07 -8.84258396e+04\n",
      "  -4.64772288e+07 -8.94974071e+04 -1.24627956e+07 -3.31267846e+04\n",
      "  -2.61100345e+07 -4.02487391e+06 -7.23750316e+06 -8.39677842e+04\n",
      "  -1.84986395e+07]\n",
      " [-1.07761103e+05 -2.22712988e+02 -1.52798075e+05 -2.35040663e+02\n",
      "  -1.23538987e+05 -2.37888947e+02 -3.31267846e+04 -8.80527847e+01\n",
      "  -6.94018834e+04 -1.06983325e+04 -1.92376747e+04 -2.23190910e+02\n",
      "  -4.91703840e+04]\n",
      " [-8.49356840e+07 -1.75539035e+05 -1.20433149e+08 -1.85255523e+05\n",
      "  -9.73715755e+07 -1.87500498e+05 -2.61100345e+07 -6.94018834e+04\n",
      "  -5.47015229e+07 -8.43226509e+06 -1.51628465e+07 -1.75915726e+05\n",
      "  -3.87553587e+07]\n",
      " [-1.30928750e+07 -2.70594235e+04 -1.85648258e+07 -2.85572246e+04\n",
      "  -1.50098735e+07 -2.89032886e+04 -4.02487391e+06 -1.06983325e+04\n",
      "  -8.43226509e+06 -1.29983757e+06 -2.33735981e+06 -2.71174906e+04\n",
      "  -5.97415649e+06]\n",
      " [-2.35435262e+07 -4.86580866e+04 -3.33831539e+07 -5.13514233e+04\n",
      "  -2.69906609e+07 -5.19737133e+04 -7.23750316e+06 -1.92376747e+04\n",
      "  -1.51628465e+07 -2.33735981e+06 -4.20302584e+06 -4.87625026e+04\n",
      "  -1.07426910e+07]\n",
      " [-2.73146372e+05 -5.64519506e+02 -3.87303384e+05 -5.95766956e+02\n",
      "  -3.13139205e+05 -6.02986616e+02 -8.39677842e+04 -2.23190910e+02\n",
      "  -1.75915726e+05 -2.71174906e+04 -4.87625026e+04 -5.65730916e+02\n",
      "  -1.24634136e+05]\n",
      " [-6.01758914e+07 -1.24367255e+05 -8.53254107e+07 -1.31251268e+05\n",
      "  -6.89865682e+07 -1.32841805e+05 -1.84986395e+07 -4.91703840e+04\n",
      "  -3.87553587e+07 -5.97415649e+06 -1.07426910e+07 -1.24634136e+05\n",
      "  -2.74576968e+07]]\n",
      "wpp: [3.61660146e+10 3.77833065e+10 4.32154344e+10 4.64170315e+10\n",
      " 4.80447534e+10 5.97618887e+10 6.02383741e+10 6.97678613e+10\n",
      " 7.28654717e+10 7.60212015e+10 7.60662834e+10 7.88417234e+10\n",
      " 7.92714304e+10]\n",
      "Lp: [2.10309443e-10 5.44249792e-16 2.93460012e-10 4.93418908e-16\n",
      " 8.72719859e-11 3.92582882e-16 6.78232724e-12 4.60720912e-17\n",
      " 2.51130761e-11 6.24137323e-13 2.01669919e-12 2.61941339e-16\n",
      " 1.12191575e-11]\n",
      "Cp: [3.63529718e-12 1.28706893e-06 1.82462367e-12 9.40653092e-07\n",
      " 4.96401635e-12 7.13214251e-07 4.06326154e-11 4.45914151e-06\n",
      " 7.49991818e-12 2.77236487e-10 8.56987491e-11 6.14163127e-07\n",
      " 1.41842496e-11]\n",
      "pl: [1.83668739e-01 4.75307582e-07 2.56286306e-01 4.30915641e-07\n",
      " 7.62169085e-02 3.42852901e-07 5.92318382e-03 4.02359626e-08\n",
      " 2.19319064e-02 5.45075454e-04 1.76123616e-03 2.28760224e-07\n",
      " 9.79798374e-03]\n",
      "pc: [1.81764859e+03 6.43534463e+08 9.12311835e+02 4.70326546e+08\n",
      " 2.48200818e+03 3.56607126e+08 2.03163077e+04 2.22957075e+09\n",
      " 3.74995909e+03 1.38618244e+05 4.28493746e+04 3.07081564e+08\n",
      " 7.09212482e+03]\n",
      "chip: [[-1.94714109e+08 -3.20159819e+05 -2.51426828e+08 -3.37881399e+05\n",
      "  -1.44569981e+08 -3.41975935e+05 -4.51277520e+07 -1.26579792e+05\n",
      "  -9.55055381e+07 -1.53788957e+07 -2.76524980e+07 -3.20846854e+05\n",
      "  -6.65818991e+07]\n",
      " [-3.20159819e+05 -5.26424664e+02 -4.13410039e+05 -5.55563477e+02\n",
      "  -2.37710040e+05 -5.62295941e+02 -7.42015714e+04 -2.08129566e+02\n",
      "  -1.57035542e+05 -2.52868396e+04 -4.54677823e+04 -5.27554325e+02\n",
      "  -1.09477679e+05]\n",
      " [-2.51426828e+08 -4.13410039e+05 -3.24657775e+08 -4.36293233e+05\n",
      "  -1.86677646e+08 -4.41580349e+05 -5.82717275e+07 -1.63447608e+05\n",
      "  -1.23322622e+08 -1.98581755e+07 -3.57066052e+07 -4.14297181e+05\n",
      "  -8.59746411e+07]\n",
      " [-3.37881399e+05 -5.55563477e+02 -4.36293233e+05 -5.86315190e+02\n",
      "  -2.50867836e+05 -5.93420311e+02 -7.83087986e+04 -2.19650015e+02\n",
      "  -1.65727820e+05 -2.66865242e+04 -4.79845284e+04 -5.56755668e+02\n",
      "  -1.15537520e+05]\n",
      " [-1.44569981e+08 -2.37710040e+05 -1.86677646e+08 -2.50867836e+05\n",
      "  -1.07339316e+08 -2.53907919e+05 -3.35061401e+07 -9.39820853e+04\n",
      "  -7.09102891e+07 -1.14184157e+07 -2.05312348e+07 -2.38220145e+05\n",
      "  -4.94352664e+07]\n",
      " [-3.41975935e+05 -5.62295941e+02 -4.41580349e+05 -5.93420311e+02\n",
      "  -2.53907919e+05 -6.00611535e+02 -7.92577653e+04 -2.22311792e+02\n",
      "  -1.67736153e+05 -2.70099185e+04 -4.85660175e+04 -5.63502579e+02\n",
      "  -1.16937634e+05]\n",
      " [-4.51277520e+07 -7.42015714e+04 -5.82717275e+07 -7.83087986e+04\n",
      "  -3.35061401e+07 -7.92577653e+04 -1.04589955e+07 -2.93366591e+04\n",
      "  -2.21347608e+07 -3.56427684e+06 -6.40885796e+06 -7.43608015e+04\n",
      "  -1.54312979e+07]\n",
      " [-1.26579792e+05 -2.08129566e+02 -1.63447608e+05 -2.19650015e+02\n",
      "  -9.39820853e+04 -2.22311792e+02 -2.93366591e+04 -8.22870192e+01\n",
      "  -6.20862615e+04 -9.99751593e+03 -1.79763421e+04 -2.08576194e+02\n",
      "  -4.32835758e+04]\n",
      " [-9.55055381e+07 -1.57035542e+05 -1.23322622e+08 -1.65727820e+05\n",
      "  -7.09102891e+07 -1.67736153e+05 -2.21347608e+07 -6.20862615e+04\n",
      "  -4.68446167e+07 -7.54321149e+06 -1.35633042e+07 -1.57372527e+05\n",
      "  -3.26578291e+07]\n",
      " [-1.53788957e+07 -2.52868396e+04 -1.98581755e+07 -2.66865242e+04\n",
      "  -1.14184157e+07 -2.70099185e+04 -3.56427684e+06 -9.99751593e+03\n",
      "  -7.54321149e+06 -1.21465482e+06 -2.18404759e+06 -2.53411030e+04\n",
      "  -5.25876673e+06]\n",
      " [-2.76524980e+07 -4.54677823e+04 -3.57066052e+07 -4.79845284e+04\n",
      "  -2.05312348e+07 -4.85660175e+04 -6.40885796e+06 -1.79763421e+04\n",
      "  -1.35633042e+07 -2.18404759e+06 -3.92709417e+06 -4.55653522e+04\n",
      "  -9.45568781e+06]\n",
      " [-3.20846854e+05 -5.27554325e+02 -4.14297181e+05 -5.56755668e+02\n",
      "  -2.38220145e+05 -5.63502579e+02 -7.43608015e+04 -2.08576194e+02\n",
      "  -1.57372527e+05 -2.53411030e+04 -4.55653522e+04 -5.28686411e+02\n",
      "  -1.09712609e+05]\n",
      " [-6.65818991e+07 -1.09477679e+05 -8.59746411e+07 -1.15537520e+05\n",
      "  -4.94352664e+07 -1.16937634e+05 -1.54312979e+07 -4.32835758e+04\n",
      "  -3.26578291e+07 -5.25876673e+06 -9.45568781e+06 -1.09712609e+05\n",
      "  -2.27674784e+07]]\n",
      "wpp: [3.56593386e+10 3.77833065e+10 4.22291314e+10 4.64170315e+10\n",
      " 4.76464623e+10 5.97618887e+10 6.01886427e+10 6.97678613e+10\n",
      " 7.27302261e+10 7.60212015e+10 7.60662834e+10 7.88417234e+10\n",
      " 7.92574189e+10]\n",
      "Lp: [3.26362051e-10 5.44249791e-16 3.25075759e-10 4.93418908e-16\n",
      " 5.88809761e-11 3.92582881e-16 5.52977213e-12 4.60720912e-17\n",
      " 2.34386737e-11 6.24106650e-13 2.01637898e-12 2.61941339e-16\n",
      " 1.05361747e-11]\n",
      "Cp: [2.40964897e-12 1.28706893e-06 1.72500802e-12 9.40653093e-07\n",
      " 7.48106930e-12 7.13214251e-07 4.99187458e-11 4.45914151e-06\n",
      " 8.06560765e-12 2.77250113e-10 8.57123586e-11 6.14163127e-07\n",
      " 1.51090510e-11]\n",
      "pl: [2.48915874e-01 4.15098546e-07 2.47934822e-01 3.76329903e-07\n",
      " 4.49084372e-02 2.99422409e-07 4.21754939e-03 3.51391188e-08\n",
      " 1.78766433e-02 4.76005259e-04 1.53788939e-03 1.99782289e-07\n",
      " 8.03592552e-03]\n",
      "pc: [1.20482448e+03 6.43534463e+08 8.62504009e+02 4.70326546e+08\n",
      " 3.74053465e+03 3.56607126e+08 2.49593729e+04 2.22957075e+09\n",
      " 4.03280382e+03 1.38625056e+05 4.28561793e+04 3.07081564e+08\n",
      " 7.55452552e+03]\n",
      "chip: [[-2.78419191e+08 -3.70093805e+05 -3.02385572e+08 -3.90579346e+05\n",
      "  -1.36699061e+08 -3.95312489e+05 -4.70840261e+07 -1.46321912e+05\n",
      "  -1.06558153e+08 -1.77770408e+07 -3.19628044e+07 -3.70887994e+05\n",
      "  -7.45803028e+07]\n",
      " [-3.70093805e+05 -4.91953963e+02 -4.01951556e+05 -5.19184744e+02\n",
      "  -1.81709728e+05 -5.25476361e+02 -6.25873034e+04 -1.94501079e+02\n",
      "  -1.41644375e+05 -2.36304568e+04 -4.24871428e+04 -4.93009654e+02\n",
      "  -9.91372324e+04]\n",
      " [-3.02385572e+08 -4.01951556e+05 -3.28414985e+08 -4.24200497e+05\n",
      "  -1.48466144e+08 -4.29341070e+05 -5.11370287e+07 -1.58917332e+05\n",
      "  -1.15730701e+08 -1.93072921e+07 -3.47141692e+07 -4.02814109e+05\n",
      "  -8.10001906e+07]\n",
      " [-3.90579346e+05 -5.19184744e+02 -4.24200497e+05 -5.47922810e+02\n",
      "  -1.91767778e+05 -5.54562683e+02 -6.60516542e+04 -2.05267160e+02\n",
      "  -1.49484716e+05 -2.49384568e+04 -4.48389036e+04 -5.20298869e+02\n",
      "  -1.04624706e+05]\n",
      " [-1.36699061e+08 -1.81709728e+05 -1.48466144e+08 -1.91767778e+05\n",
      "  -6.71169005e+07 -1.94091671e+05 -2.31174514e+07 -7.18415558e+04\n",
      "  -5.23182305e+07 -8.72822295e+06 -1.56931903e+07 -1.82099661e+05\n",
      "  -3.66176530e+07]\n",
      " [-3.95312489e+05 -5.25476361e+02 -4.29341070e+05 -5.54562683e+02\n",
      "  -1.94091671e+05 -5.61283019e+02 -6.68520855e+04 -2.07754641e+02\n",
      "  -1.51296211e+05 -2.52406676e+04 -4.53822732e+04 -5.26603987e+02\n",
      "  -1.05892575e+05]\n",
      " [-4.70840261e+07 -6.25873034e+04 -5.11370287e+07 -6.60516542e+04\n",
      "  -2.31174514e+07 -6.68520855e+04 -7.96247379e+06 -2.47447911e+04\n",
      "  -1.80202623e+07 -3.00631091e+06 -5.40529377e+06 -6.27216103e+04\n",
      "  -1.26124241e+07]\n",
      " [-1.46321912e+05 -1.94501079e+02 -1.58917332e+05 -2.05267160e+02\n",
      "  -7.18415558e+04 -2.07754641e+02 -2.47447911e+04 -7.68988006e+01\n",
      "  -5.60011420e+04 -9.34264115e+03 -1.67979033e+04 -1.94918461e+02\n",
      "  -3.91953315e+04]\n",
      " [-1.06558153e+08 -1.41644375e+05 -1.15730701e+08 -1.49484716e+05\n",
      "  -5.23182305e+07 -1.51296211e+05 -1.80202623e+07 -5.60011420e+04\n",
      "  -4.07825334e+07 -6.80372867e+06 -1.22329836e+07 -1.41948331e+05\n",
      "  -2.85437914e+07]\n",
